
1 14 1 1601522741 0 2 0 0 0 0 1 0
2 12 2 1601609636 0 0 0 0 0 0 0 1
3 2 3 1601696137 0 0 0 5 0 0 0 0
4 14 1 1601696193 0 3 0 0 0 0 0 0
5 7 4 1601782818 0 0 1 0 1 0 0 0
6 4 5 1601782957 1 0 0 0 0 1 0 0
7 15 6 1601783158 0 0 2 0 1 0 0 0
8 5 3 1601869798 0 2 0 0 0 0 1 0
9 1 7 1601870033 5 0 0 0 0 1 0 0
10 4 8 1601870052 0 0 0 0 0 0 1 0
11 10 5 1601956953 0 1 0 0 0 0 1 0
12 8 9 1601956987 0 0 2 0 0 1 0 0
13 14 10 1601957012 0 0 0 0 0 1 1 0
14 4 11 1602043851 1 0 0 0 0 0 1 0
15 1 12 1602043883 0 0 0 0 0 1 0 0
16 16 10 1602043913 0 2 0 0 0 0 0 0
17 2 13 1602130845 0 1 0 0 0 1 0 0
18 12 14 1602130873 0 0 0 3 0 0 0 1
19 8 15 1602130899 0 0 0 0 1 0 0 0
20 1 16 1602217705 0 2 0 0 0 0 1 0
21 8 17 1602217726 0 0 2 0 1 0 0 0
22 4 18 1602217751 0 0 0 1 0 0 1 0
23 11 19 1602304533 0 1 0 0 0 0 1 0
24 2 20 1602304562 0 0 0 2 0 0 0 0
25 16 21 1602304586 0 0 0 0 0 0 0 1
26 7 22 1602391340 0 0 3 0 1 0 0 0
27 4 23 1602391356 0 1 0 0 0 1 0 0
28 15 24 1602391388 0 0 0 2 0 0 0 0
29 9 25 1602477924 0 0 0 0 0 0 0 1
30 8 26 1602477940 0 0 3 0 1 0 0 0